163
171
169
167
169
178
179
182
186
179
181
275
276
281
281
291
299
296
301
372
391
398
399
405
412
470
474
483
475
476
478
479
482
489
486
493
493
582
590
597
597
595
604
656
655
665
258
661
662
663
667
668
676
670
788
790
793
797
407
428
810
810
874
480
478
481
329
381
955
579
581
575
584
687
564
395
588
497
578
705
393
429
521
1102
524
532
1105
1188
790
725
402
265
720
702
705
316
642
1020
219
223
229
718
333
344
359
445
540
282
275
732
293
801
293
307
491
375
379
385
379
506
389
681
673
396
831
405
399
389
529
366
456
459
359
291
366
434
201
202
218
351
337
425
531
267
1243
535
357
335
353
632
544
703
522
442
519
709
665
420
405
418
240
464
570
571
458
397
480
306
281
481
483
295
301
424
453
530
360
531
366
212
245
814
138
230
389
195
63
280
538
421
132
655
466
499
499
514
493
494
73
706
80
109
124
100
477
108
377
396
95
545
93
564
81
395
821
111
624
426
157
634
164
332
66
175
178
76
350
221
221
957
93
237
323
143
152
154
157
159
142
159
171
178
183
163
190
117
195
104
196
110
217
102
128
317
345
148
67
155
279
109
293
377
357
348
447
148
148
195
247
158
180
157
157
159
200
258
628
169
214
281
196
98
69
103
81
109
96
365
117
366
279
106
344
188
77
172
201
123
125
167
148
154
151
148
174
150
130
178
145
174
156
250
212
217
220
221
62
242
209
225
228
221
62
251
257
255
290
139
302
291
312
328
317
90
93
166
340
176
198
202
204
185
100
253
268
278
268
79
244
166
397
205
201
201
179
420
252
258
271
226
237
266
67
105
80
85
283
281
76
89
345
330
158
106
621
232
242
434
250
66
148
90
88
97
444
284
85
163
158
315
153
503
522
247
248
175
543
262
534
269
108
110
111
118
166
172
112
187
171
158
719
186
229
401
249
231
247
235
151
236
165
250
162
265
183
178
317
320
190
180
117
128
177
169
284
188
184
189
203
290
99
138
348
330
334
170
336
377
164
208
445
463
83
90
74
115
119
304
91
502
173
197
336
564
341
360
366
353
361
363
536
388
380
370
181
157
168
119
239
131
179
168
236
255
258
160
267
256
360
278
358
262
362
264
360
308
306
384
328
434
334
433
447
184
450
271
379
282
295
557
206
208
400
390
390
220
318
383
395
228
288
418
278
292
288
389
293
409
324
513
299
297
457
554
459
503
469
574
400
265
279
279
556
280
273
266
502
479
383
373
372
391
379
379
491
564
273
272
822
265
196
351
662
276
260
271
276
283
451
262
273
327
948
357
739
355
371
351
369
288
465
292
372
369
851
233
380
477
378
750
534
470
465
527
529
547
713
601
716
358
385
375
377
357
292
274
362
374
388
380
360
600
266
369
360
270
364
373
484
346
462
476
478
381
384
666
367
356
360
344
364
655
442
434
453
456
444
366
361
392
375
398
401
346
598
603
621
626
265
358
382
561
278
524
439
336
353
338
356
530
472
644
349
530
550
406
413
445
439
834
248
244
259
841
249
494
429
497
246
866
269
485
364
372
297
480
408
497
472
453
468
325
416
419
315
396
401
356
346
753
355
573
576
363
581
675
331
430
435
394
395
869
240
753
503
513
443
503
298
464
555
299
308
758
311
231
776
283
609
305
396
1044
479
548
565
327
733
313
312
320
328
326
486
1219
371
389
391
433
352
372
432
903
348
274
450
567
539
383
561
450
277
616
226
624
227
221
243
401
315
618
1047
328
586
1060
303
626
601
315
658
397
367
179
406
408
96
387
679
414
522
327
685
624
742
438
149
73
456
153
154
98
334
336
93
457
510
529
459
566
258
176
88
98
185
263
663
461
661
342
465
530
357
264
272
134
136
169
184
254
189
523
167
177
218
238
266
243
257
344
294
79
85
334
128
153
126
49
124
340
151
160
169
154
170
160
194
173
241
214
419
220
82
261
227
231
231
91
92
96
67
97
87
97
107
166
180
183
188
189
194
175
252
263
246
99
105
258
314
317
176
355
330
88
198
210
227
397
234
90
101
256
252
242
275
270
249
280
257
288
291
288
275
206
95
101
103
112
142
134
133
155
171
81
72
312
165
174
189
216
213
218
138
143
238
141
228
229
231
143
151
280
200
297
308
205
208
130
220
224
95
412
408
308
120
172
173
190
191
432
422
147
146
148
424
161
162
473
472
216
482
231
212
488
650
490
641
505
314
577
274
284
585
285
597
457
660
273
391
368
292
421
405
505
332
446
353
347
372
772
522
520
566
154
573
160
422
792
249
538
561
472
892
479
325
612
224
221
227
170
503
252
236
667
208
479
678
212
225
78
155
158
479
209
287
479
495
640
498