224
229
232
274
285
283
350
384
385
439
441
446
447
450
448
450
460
459
458
459
462
464
463
462
467
465
465
222
314
181
242
537
580
221
222
211
216
218
229
231
596
234
597
246
305
240
232
242
300
303
329
380
166
335
170
162
405
344
403
348
407
434
332
238
89
85
87
90
110
163
103
502
164
488
556
105
224
224
127
94
230
142
144
244
162
180
235
183
1111
334
330
1231
1235
308
316
387
375
331
373
379
1331
1333
1333
555
369
1337
403
394
324
391
416
379
507
344
486
341
509
524
486
706
566
295
568
205
292
1535
272
317
706
342
1589
646
508
496
281
340
281
301
323
325
210
128
331
544
358
346
361
425
80
106
84
610
137
145
415
406
301
418
131
420
146
816
544
524
122
98
114
117
665
109
124
123
110
124
125
156
170
687
61
301
140
123
114
119
133
128
160
140
160
204
186
203
399
192
219
193
140
210
367
209
208
280
220
375
208
183
222
298
414
403
184
206
293
201
274
243
356
338
172
179
204
338
322
195
221
213
147
327
424
353
361
359
410
270
419
279
305
78
287
186
447
459
250
244
472
385
379
395
392
391
398
484
176
84
404
347
204
626
430
117
85
105
119
108
118
99
127
145
208
598
444
199
226
206
231
298
121
119
88
104
123
100
107
139
190
203
211
258
56
292
258
78
255
188
190
193
198
207
307
309
312
278
301
307
302
327
302
294
292
371
400
680
445
439
288
371
462
274
540
425
441
354
351
541
520
514
515
553
461
727
343
368
423
631
427
401
512
623
808
400
401
325
448
452
530
625
524
412
422
445
734
451
277
452
520
366
227
305
323
453
312
664
375
597
500
716
432
735
74
448
76
445
457
624
365
676
227
244
139
686
244
257
82
90
294
165
86
88
86
172
84
334
96
170
82
164
99
163
186
149
238
172
156
194
250
193
174
200
109
112
157
211
208
220
171
160
167
173
298
282
184
188
160
171
185
376
272
371
274
270
316
318
355
320
321
661
353
361
329
364
343
359
358
367
343
202
197
215
433
434
476
126
310
466
358
511
210
390
206
210
214
208
601
460
197
108
562
171
368
297
369
734
366
386
386
397
389
554
383
569
554
183
299
238
236
776
791
442
254
534
247
195
106
182
364
527
267
905
341
660
399
419
317
339
397
323
327
105
412
479
311
567
311
482
296
281
181
172
205
323
176
184
1533
309
188
193
588
497
688
581
581
516
252
248
574
408
658
560
280
245
731
281
791
305
790
404
327
306
442
453
311
367
383
296
298
374
380
317
405
549
478
502
558
502
505
229
554
560
268
274
297
581
279
297
301
424
470
414
410
375
402
763
381
407
657
395
300
405
646
667
373
450
568
753
467
451
288
374
469
396
391
376
327
506
509
327
513
539
453
375
374
393
372
395
385
481
458
380
372
368
365
575
319
321
756
677
675
505
497
501
491
660
494
499
314
362
376
487
361
504
492
503
385
365
383
376
381
452
433
451
356
445
302
452
465
495
291
466
306
341
342
647
349
337
271
729
656
543
350
526
341
535
444
752
614
381
461
475
457
463
450
478
466
460
540
470
627
477
537
451
384
321
397
563
306
292
474
566
332
532
286
288
379
382
381
488
413
500
494
353
690
728
354
471
809
370
355
754
352
362
362
430
689
439
909
477
449
384
400
500
418
503
503
628
245
533
338
345
531
544
439
456
371
855
738
382
308
388
284
380
294
605
997
457
449
526
376
530
206
214
221
224
226
531
617
281
458
457
460
464
323
474
567
702
704
562
646
395
208
217
262
536
448
476
289
385
471
460
472
467
469
188
903
558
371
262
454
388
208
382
526
525
267
273
263
269
901
623
487
327
315
245
339
260
246
502
355
259
735
515
349
627
263
622
450
1171
774
327
182
354
185
349
714
533
258
429
440
242
503
673
172
342
247
194
252
353
616
255
534
538
465
214
291
384
543
499
687
448
536
369
625
120
549
288
190
287
941
436
253
367
355
358
290
355
296
448
387
297
391
388
292
426
283
272
258
337
341
339
288
366
479
355
482
467
300
421
428
434
430
441
449
429
214
315
454
163
476
306
130
369
476
462
187
494
487
499
565
312
207
212
465
656
455
301
637
473
289
268
273
196
345
368
374
375
455
376
379
491
382
467
284
252
431
435
254
510
430
341
438
248
425
449
539
446
454
648
527
624
353
419
431
534
713
612
336
624
349
350
390
353
542
456
473
617
698
300
518
433
522
426
783
615
427
428
427
430
229
235
450
242
246
356
272
266
495
503
292
228
652
844
838
840
521
515
242
411
512
513
316
313
316
642
579
298
311
158
310
359
195
899
211
364
374
308
472
461
385
380
321
402
390
452
281
296
303
535
240
239
998
412
497
258
91
86
99
99
117
140
397
161
549
163
161
178
170
170
188
194
737
111
260
204
135
204
284
557
379
228
226
75
73
94
102
93
92
104
78
191
80
80
93
85
195
202
175
234
156
83
92
171
297
173
235
184
144
159
157
146
241
222
234
382
404
213
232
257
304
256
254
308
246
234
253
257
262
310
347
346
186
178
363
357
379
429
446
227
288
291
248
486
507
549
213
227
210
375
407
238
275
276
276
663
301
484
175
734
368
381
367
284
295
902
280
382
206
298
746
398
598
340
246
265
466
173
252
244
414
248
354
173
249
338
246
184
180
247
446
448
356
179
327
498
408
634
343
237
190
259
434
243
414
438
393
381
219
218
273
336
293
316
324
315
336
331
341
396
178
320
476
319
175
95
388
156
416
262
479
227
239
476
231
547
246
255
538
427
537
305
311
311
310
309
324
311
250
456
378
385
376
395
392
405
724
385
593
603
415
416
189
192
427
502
433
732
213
200
100
579
207
808
208
374
912
121
595
198
356
609
522
295
292
364
665
241
558
219
187
228
227
283
558
301
500
229
225
306
507
372
185
190
309
177
505
206
309
164
278
254
280
284
260
498
347
205
482
386
493
405
402
240
289
417
233
771
420
313
314
304
394
315
252
132
199
195
171
309
398
422
211
217
903
215
406
195
308
213
205
214
299
307
320
599
849
205
204
285
289
217
217
290
287
245
465
266
450
468
674
452
258
183
182
206
259
362
371
159
210
776
475
373
262
780
274
470
972
586
362
287
295
305
390
329
420
290
279
286
355
358
439
357
446
364
435
300
361
365
282
419
260
280
367
513
451
359
362
556
368
367
371
275
287
295
285
447
208
701
447
451
297
513
520
438
513
428
428
521
531
533
518
798
605
276
375
360
273
271
263
269
371
684
581
610
454
264
403
410
248
339
401
350
352
690
893
384
413
822
466
941
478
419
225
185
171
250
501
419
253
420
179
387
511
513
267
327
268
337
270
505
431
429
503
487
343
277
352
277
511
345
432
440
434
373
689
613
686
374
380
269
376
299
276
287
288
435
513
373
699
287
358
287
361
292
286
537
280
345
417
765
416
418
432
433
423
433
434
468
445
519
711
272
374
408
341
943
424
430
442
348
424
350
795
354
341
322
406
409
340
256
279
345
410
165
406
248
175
677
314
230
238
555
236
305
246
657
235
312
663
408
671
321
841
592
509
327
326
453
458
371
203
877
335
416
486
118
498
343
362
292
651
368
695
284
279
577
426
276
209
297
213
296
525
198
207
456
364
875
611
201
206
203
279
456
474
338
257
339
280
441
445
358
350
284
430
335
633
371
353
357
439
440
441
347
441
558
486
464
291
394
314
494
509
226
513
429
325
307
486
321
325
394
589
589
402
247
331
516
233
408
477
477
335
409
605
316
255
766
494
262
338
340
505
608
265
343
350
423
512
354
439
355
192
354
428
266
392
302
401
298
163
243
262
187
275
920
573
340
931
413
596
239
546
665
109
181
161
182
178
177
361
263
172
177
265
261
277
266
265
110
121
342
175
177
509
522
343
206
188
179
199
214
220
254
354
109
73
106
126
121
102
83
130
87
82
380
111
110
198
186
288
292
121
317
192
90
96
102
103
231
219
221
118
166
82
288
293
294
379
221
148
152
154
146
215
138
144
249
294
151
158
327
184
191
110
178
235
331
332
336
343
260
335
423
346
412
337
414
412
422
429
108
91
360
375
281
450
444
533
109
446
262
461
213
396
91
107
575
101
384
173
390
170
258
270
395
558
294
190
450
202
235
451
235
462
239
306
386
390
618
376
237
232
164
454
484
474
233
455
460
702
465
383
449
457
233
473
329
249
213
418
488
398
199
198
218
209
196
208
203
498
375
284
198
293
286
347
275
292
483
310
360
510
504
288
593
371
252
260
375
387
268
372
284
466
492
677
306
335
348
293
298
299
368
489
481
487
904
509
231
210
242
663
569
582
570
571
572
556
318
397
586
641
183
215
581
309
346
465
649
278
249
363
257
367
370
345
332
768
468
358
361
337
350
360
763
366
377
473
467
351
456
517
285
559
460
449
139
205
519
454
246
607
274
928
164
601
538
373
184
207
165
184
269
617
257
633
180
744
213
286
854
296
295
753
234
334
1250
238
440
359
378
296
363
282
284
184
345
352
1060
345
466
365
258
367
353
260
489
322
328
327
997
449
1066
338
539
351
327
451
464
458
372
470
388
529
552
466
543
555
104
124
114
771
111
107
562
122
117
574
618
512
608
612
549
168
171
475
546
464
546
915
728
723
568
299
201
361
360
595
365
127
295
713
841
364
663
289
452
230
682
388
207
385
388
221
388
399
482
531
190
178
278
187
286
540
205
546
448
449
479
115
208
195
459
305
305
214
211
210
196
215
513
276
211
380
217
302
289
229
328
336
155
183
437
185
80
149
187
181
186
311
315
119
133
60
71
209
133
449
137
238
368
373
377
414
425
488
445
71
89
503
110
119
59
131
531
307
84
68
90
91
89
424
91
414
80
84
168
81
73
77
193
200
540
473
167
272
242
102
292
304
185
88
151
163
240
183
161
169
273
260
196
177
177
244
296
237
242
219
238
236
407
254
346
319
321
378
145
306
136
149
152
72
171
160
174
84
238
262
270
191
269
356
367
379
361
360
374
375
324
390
382
649
300
198
258
231
181
295
328
542
558
281
199
356
268
368
280
266
272
101
282
107
720
553
345
332
441
339
488
173
331
335
338
336
242
796
226
626
563
175
163
613
89
524
270
311
186
234
241
169
425
327
327
250
492
321
337
422
706
748
382
379
451
448
1007
88
393
113
369
327
321
108
80
293
300
180
96
326
107
321
109
568
372
168
550
387
154
1037
167
172
95
480
187
290
280
610
413
781
216
738
268
214
274
214
766
228
216
286
223
211
195
279
823
352
173
168
194
177
179
180
242
248
269
349
276
282
259
268
278
270
481
547
381
493
384
353
580
385
513
400
369
385
390
446
405
403
468
411
286
492
481
759
547
317
407
507
191
306
304
684
281
313
565
417
303
394
391
571
372
462
765
276
727
294
675
282
292
407
288
753
594
586
822
199
435
562
441
365
440
371
551
363
283
384
362
371
315
329
318
323
344
164
250
175
179
179
459
477
473
403
322
340
347
231
252
334
384
755
482
398
566
398
197
295
231
235
299
236
299
479
304
314
486
334
105
253
100
100
425
148
612
280
193
102
234
108
424
80
180
278
168
315
303
190
327
179
189
133
244
187
245
182
333
188
256
197
190
209
204
203
295
226
204
220
278
317
204
407
410
330
325
227
308
325
332
146
149
146
365
260
470
299
293
216
565
216
547
226
222
270
610
171
285
294
197
182
290
268
280
179
180
177
188
253
375
686
383
382
353
737
384
264
374
338
344
332
348
257
410
424
403
535
535
404
407
431
553
268
431
218
447
420
519
513
557
542
552
668
260
349
550
293
304
601
432
617
280
629
383
619
377
370
701
358
420
777
362
292
192
356
354
345
548
271
538
544
549
365
455
375
323
322
329
601
517
332
869
437
445
806
682
606
177
255
266
707
237
584
470
758
414
419
350
347
419
411
541
559
757
315
834
159
414
171
162
403
1118
468
303
227
323
477
330
228
403
651
228
336
341
342
448
217
236
642
227
294
221
475
490
417
591
422
366
370
439
856
350
852
277
255
477
493
482
396
113
223
328
366
243
164
297
177
178
181
194
190
190
189
237
226
235
367
243
245
252
629
385
872
251
263
422
234
599
240
315
599
244
248
247
330
551
322
1043
322
350
1068
346
352
190
416
549
364
287
522
437
445
557
526
531
445
515
459
329
403
218
394
469
625
302
301
277
307
226
222
302
319
631
645
807
308
363
376
466
372
373
355
711
374
811
480
267
565
388
491
379
394
471
474
473
487
373
483
369
369
378
385
569
362
450
570
315
318
333
513
506
400
624
442
620
444
625
643
345
326
329
272
619
368
431
735
554
554
547
381
363
362
380
367
374
510
361
547
435
356
367
598
537
376
372
372
360
474
258
439
439
620
361
506
870
422
497
684
427
519
377
270
506
259
367
295
379
294
478
374
542
865
365
468
470
380
455
386
365
362
447
451
450
456
458
438
364
554
300
217
542
412
556
539
311
557
557
293
374
264
365
289
264
272
280
568
287
356
382
392
296
599
380
406
357
345
360
264
797
543
343
355
517
519
534
452
538
543
610
416
610
419
528
425
425
532
429
432
435
360
618
643
374
545
375
578
583
589
594
581
713
601
440
609
442
507
513
268
265
261
521
674
513
498
566
317
334
578
215
231
622
616
384
555
128
211
230
227
228
284
821
292
999
337
274
875
336
331
189
261
338
447
343
445
456
315
735
479
463
393
373
387
119
498
868
126
183
198
801
125
123
198
186
200
186
186
194
191
212
220
195
141
179
264
170
252
272
259
281
278
332
326
336
345
258
257
347
438
424
180
338
341
360
451
345
354
494
494
490
413
252
394
427
506
536
509
429
527
368
380
542
450
391
546
543
536
349
439
721
355
722
368
368
288
368
452
717
356
439
451
375
320
318
390
826
277
918
408
298
479
392
643
309
420
348
165
169
554
202
182
382
644
187
362
424
359
249
338
437
367
360
478
476
347
268
276
344
266
272
264
345
618
553
361
637
379
665
716
110
168
449
370
644
373
193
373
456
721
368
362
382
278
447
285
175
218
591
423
324
805
599
256
424
689
860
230
255
248
271
342
291
478
823
819
377
808
355
474
466
476
527
464
533
472
328
480
474
486
552
480
481
476
608
306
309
775
316
719
372
280
261
375
407
483
377
446
334
339
272
341
467
740
475
488
346
801
430
665
441
549
552
574
361
649
453
1004
780
210
455
231
471
223
225
283
294
540
293
640
190
555
196
601
248
168
438
442
446
817
757
237
440
239
686
343
427
232
798
260
706
351
425
440
334
362
345
635
1118
876
270
260
270
157
227
424
344
223
360
900
219
236
244
619
292
307
749
325
741
196
210
284
280
281
289
1162
370
280
298
296
422
318
297
316
313
651
353
463
361
297
372
466
488
297
589
304
376
742
1173
296
344
372
369
308
295
481
302
367
303
599
527
631
365
609
474
443
355
271
185
533
544
341
695
342
240
380
448
472
455
534
348
274
455
457
340
343
283
350
373
351
376
764
451
445
459
309
437
300
299
523
288
534
295
659
304
536
474
468
385
678
388
385
385
306
348
303
392
653
632
302
670
733
497
311
847
304
535
443
368
375
516
252
426
616
355
364
534
361
528
636
363
454
358
590
394
695
314
324
236
330
322
663
488
583
593
752
481
241
384
574
563
522
371
601
591
493
406
501
413
506
407
185
367
265
280
274
275
667
765
566
416
493
497
337
344
196
680
207
452
970
124
172
265
415
372
457
446
434
383
970
304
391
432
456
510
258
263
450
264
399
528
331
279
285
288
354
290
354
439
245
355
347
258
699
480
453
205
272
541
197
298
262
245
613
517
363
526
366
358
359
360
552
545
558
414
570
616
616
343
362
267
349
349
350
689
252
253
447
421
532
367
372
339
613
510
349
427
366
855
358
407
434
698
345
353
500
434
426
264
363
262
449
257
263
441
539
510
609
279
575
554
399
341
338
508
440
378
487
321
321
325
479
335
342
430
478
548
225
390
727
331
494
470
403
338
299
299
301
477
401
481
316
315
325
258
483
328
317
311
314
372
325
657
642
567
402
592
349
349
477
353
353
353
415
279
364
655
345
570
908
682
291
593
288
379
262
287
439
661
449
298
300
495
739
363
590
589
1236
357
1002
425
462
339
282
271
365
370
268
457
473
470
527
461
351
271
274
357
353
281
276
400
496
496
559
389
394
393
460
388
327
388
225
223
489
417
417
416
242
536
549
283
636
302
300
548
624
388
408
397
295
407
400
315
289
344
347
376
358
352
358
364
364
364
377
301
352
89
93
157
181
430
356
221
491
499
215
504
436
241
156
519
440
507
514
514
163
340
523
525
381
475
217
208
143
151
158
231
89
233
242
223
233
590
614
521
367
287
163
312
405
320
331
183
162
809
227
179
214
74
90
80
93
258
246
274
230
259
241
45
244
164
339
101
87
103
147
153
141
173
170
171
176
183
187
183
157
190
89
257
100
126
161
336
92
76
157
89
191
258
91
169
213
98
438
110
412
168
406
338
250
277
151
83
437
353
108
148
89
82
90
87
72
510
243
86
164
181
166
191
167
95
158
194
182
186
189
164
78
64
68
70
90
93
232
304
118
123
137
71
153
90
127
85
95
84
168
180
176
181
177
283
119
286
265
279
285
316
272
292
291
311
297
287
299
288
375
374
378
250
243
262
254
452
280
453
188
119
516
340
119
200
293
424
584
286
300
447
284
284
286
502
288
289
285
311
390
675
294
312
399
349
178
374
169
487
484
385
285
521
442
428
537
564
331
439
427
347
338
280
267
357
564
258
267
337
254
345
276
362
281
674
354
353
123
280
133
527
172
180
441
461
448
90
541
199
369
372
730
302
319
243
683
582
668
250
417
680
323
263
318
220
337
213
346
215
335
340
829
592
867
191
420
478
855
769
364
269
370
371
584
281
274
419
554
428
540
246
347
432
337
242
578
337
352
385
401
530
256
395
702
247
531
645
367
277
576
563
670
560
298
362
535
458
372
648
376
751
653
290
177
382
384
379
302
542
189
191
234
468
463
465
713
249
637
298
544
296
815
796
273
291
390
622
927
338
332
342
347
339
346
268
343
339
406
337
359
343
514
344
345
278
446
528
275
1082
426
424
362
146
492
158
162
153
352
506
93
266
159
346
516
102
95
504
579
343
97
603
352
95
445
105
98
141
150
67
143
72
83
163
68
81
157
66
67
162
150
14
18
494
417
13
86
71
426
17
13
14
690
268
15
270
14
20
20
8
610
20
778
18
13
18
24
19
275
15
701
26
283
800
284
11
15
14
52
46
48
47
50
55
49
52
56
55
13
12
23
94
71
73
18
799
700
60
61
71
63
55
61
60
73
15
64
9
84
71
9
82
86
17
68
67
11
461
71
481
11
9
12
580
567
8
377
24
22
21
16
10
10
22
102
27
27
23
749
105
16
491
753
47
47
47
46
54
526
641
643
64
59
57
533
13
548
84
80
79
77
73
82
9
80
14
19
13
91
15
14
16
21
14
17
17
19
9
16
20
11
20
21
23
20
572
21
11
11
9
23
17
680
14
14
16
57
12
15
16
9
11
13
11
14
21
12
20
17
13
12
13
23
17
15
21
15
15
15
19
14
15
14
49
16
61
54
41
43
56
60
57
74
57
60
54
52
63
64
58
68
63
57
59
16
16
67
16
17
20
21
20
18
19
21
18
18
14
15
15
15
17
19
17
16
20
32
18
19
20
19
31
20
20
19
23
20
22
23
23
21
23
23
24
22
25
26
24
34
23
25
22
26
30
23
24
23
29
25
30
27
33
28
29
18
25
17
23
28
28
15
33
28
20
21
16
30
19
22
16
22
40
12
21
51
15
32
12
22
16
12
11
13
24
15
13
24
17
12
17
10
10
11
15
15
17
8
10
17
8
13
14
15
13
8
20
11
12
10
8
27
13
12
14
11
12
44
9
13
18
7
15
9
14
16
42
43
41
54
43
44
53
46
44
45
52
47
52
11
12
10
12
13
12
12
55
56
15
13
15
17
14
15
15
16
60
17
18
13
18
19
17
19
20
19
21
17
21
22
17
15
17
16
30
18
16
19
17
17
16
19
25
18
15
16
19
19
18
26
13
11
31
18
28
13
14
24
14
15
15
16
17
15
16
19
18
18
19
19
19
20
18
21
23
20
22
20
22
22
19
25
18
20
25
23
23
19
20
20
22
18
27
19
17
38
19
15
31
19
18
18
19
18
18
16
23
19
20
18
20
18
16
18
18
20
22
18
18
19
12
17
18
14
14
32
12
12
10
12
11
11
25
11
9
34
16
10
10
18
12
70
10
24
12
9
12
13
16
9
14
9
16
13
11
14
14
28
15
12
43
48
37
38
50
38
46
43
40
41
44
44
41
43
48
49
46
43
47
47
40
52
51
8
11
10
10
14
12
11
12
9
9
12
11
11
13
12
9
10
9
11
11
16
15
15
15
16
14
16
15
13
14
15
14
14
14
16
15
21
21
14
20
17
18
18
20
21
18
21
16
19
16
23
21
19
22
18
18
18
23
20
25
22
28
21
21
18
21
23
26
30
22
22
30
22
23
20
19
21
17
20
18
26
17
18
32
15
16
17
21
17
16
18
21
18
19
22
22
19
26
25
20
24
15
12
18
18
19
25
15
28
12
15
16
11
15
12
14
14
12
12
25
13
15
15
15
16
18
15
19
16
15
14
15
20
20
22
23
21
17
18
17
17
16
11
20
16
12
14
15
13
13
19
38
38
40
53
38
49
34
31
34
40
42
39
42
36
42
42
44
32
47
46
56
34
35
9
35
36
39
12
13
16
13
44
16
14
14
15
15
19
16
17
16
21
18
13
17
15
19
16
16
12
20
24
13
15
15
16
16
18
16
17
17
17
21
28
19
30
19
18
21
21
21
20
20
21
21
22
21
21
20
21
24
26
23
26
25
19
18
22
19
24
20
21
23
19
28
19
32
18
23
29
21
21
20
12
19
14
17
18
20
12
37
16
23
18
12
13
13
14
23
10
19
18
11
17
16
17
15
12
9
13
19
9
14
14
13
11
25
13
11
9
11
16
10
10
12
13
12
10
10
17
21
12
15
15
10
19
13
11
9
11
14
11
11
11
9
10
21
21
14
11
10
18
11
13
12
14
14
11
14
13
16
38
40
27
54
40
28
30
41
41
35
34
37
44
45
35
44
36
12
11
10
11
38
14
13
13
14
16
15
15
13
18
14
14
18
21
16
21
12
16
23
48
15
14
17
22
16
15
19
15
15
19
18
15
16
16
14
17
18
16
16
16
17
16
21
18
19
24
22
20
19
24
21
19
20
25
28
23
13
25
29
23
18
14
17
25
25
17
14
24
19
16
16
17
18
17
18
15
20
20
17
16
18
19
17
19
18
28
18
25
29
27
15
16
17
21
11
11
18
30
27
10
27
21
11
11
11
12
12
11
10
11
13
17
10
14
10
9
18
14
8
14
11
18
15
11
9
10
11
14
10
11
14
12
12
12
11
22
11
15
13
16
15
16
16
13
14
15
15
17
15
15
16
21
13
18
16
19
17
18
43
38
33
35
42
35
37
37
41
48
39
39
40
55
40
40
41
40
49
44
43
37
37
39
40
51
9
48
10
11
8
47
14
51
9
51
9
51
12
12
12
17
13
19
20
12
14
13
58
13
13
13
14
18
12
11
10
18
11
19
18
18
12
12
17
12
13
15
15
14
14
21
13
14
12
17
15
11
17
15
12
23
14
12
15
11
11
18
12
35
13
13
13
17
18
18
25
17
16
15
20
15
23
17
14
29
16
16
15
15
17
11
18
14
17
15
22
22
13
13
11
13
13
21
8
10
11
12
12
23
11
20
23
10
11
9
15
10
10
10
12
11
11
12
15
13
11
15
15
13
14
13
21
10
16
13
13
12
33
17
14
12
15
15
21
21
12
17
23
14
10
10
9
25
15
13
92
39
25
28
36
35
32
31
37
33
36
33
10
13
11
11
10
12
11
14
11
11
13
12
12
12
14
17
15
14
17
18
17
21
14
14
13
19
19
15
15
19
16
15
20
18
21
17
17
20
18
18
20
59
21
31
21
20
22
23
23
22
24
22
24
22
24
21
23
22
19
22
28
24
32
23
19
18
24
19
20
31
22
16
19
17
17
18
19
23
21
32
18
19
20
15
25
24
19
30
20
20
16
20
17
15
17
21
18
13
17
26
21
18
16
16
31
14
25
15
16
15
16
12
19
16
11
14
16
16
20
16
13
13
24
34
17
14
16
17
17
12
17
31
15
14
15
15
21
19
13
20
12
15
23
23
12
15
17
15
13
17
15
20
16
12
10
17
18
19
21
23
1
64
116
122
121
123
127
133
127
128
136
134
138
143
148
144
145
147
150
194
197
201
208
212
217
224
229
232
274
285
283
350
384
385
439
441
446
447
450
448
450
460
459
458
459
462
464
463
462
467
465
465
222
314
181
242
537
580
221
222
211
216
218
229
231
596
234
597
246
305
240
232
242
300
303
329
380
166
335
170
162
405
344
403
348
407
434
332
238
89
85
87
90
110
163
103
502
164
488
556
105
224
224
127
94
230
142
144
244
162
180
235
183
1111
334
330
1231
1235
308
316
387
375
331
373
379
1331
1333
1333
555
369
1337
403
394
324
391
416
379
507
344
486
341
509
524
486
706
566
295
568
205
292
1535
272
317
706
342
1589
646
508
496
281
340
281
301
323
325
210
128
331
544
358
346
361
425
80
106
84
610
137
145
415
406
301
418
131
420
146
816
544
524
122
98
114
117
665
109
124
123
110
124
125
156
170
687
61
301
140
123
114
119
133
128
160
140
160
204
186
203
399
192
219
193
140
210
367
209
208
280
220
375
208
183
222
298
414
403
184
206
293
201
274
243
356
338
172
179
204
338
322
195
221
213
147
327
424
353
361
359
410
270
419
279
305
78
287
186
447
459
250
244
472
385
379
395
392
391
398
484
176
84
404
347
204
626
430
117
85
105
119
108
118
99
127
145
208
598
444
199
226
206
231
298
121
119
88
104
123
100
107
139
190
203
211
258
56
292
258
78
255
188
190
193
198
207
307
309
312
278
301
307
302
327
302
294
292
371
400
680
445
439
288
371
462
274
540
425
441
354
351
541
520
514
515
553
461
727
343
368
423
631
427
401
512
623
808
400
401
325
448
452
530
625
524
412
422
445
734
451
277
452
520
366
227
305
323
453
312
664
375
597
500
716
432
735
74
448
76
445
457
624
365
676
227
244
139
686
244
257
82
90
294
165
86
88
86
172
84
334
96
170
82
164
99
163
186
149
238
172
156
194
250
193
174
200
109
112
157
211
208
220
171
160
167
173
298
282
184
188
160
171
185
376
272
371
274
270
316
318
355
320
321
661
353
361
329
364
343
359
358
367
343
202
197
215
433
434
476
126
310
466
358
511
210
390
206
210
214
208
601
460
197
108
562
171
368
297
369
734
366
386
386
397
389
554
383
569
554
183
299
238
236
776
791
442
254
534
247
195
106
182
364
527
267
905
341
660
399
419
317
339
397
323
327
105
412
479
311
567
311
482
296
281
181
172
205
323
176
184
1533
309
188
193
588
497
688
581
581
516
252
248
574
408
658
560
280
245
731
281
791
305
790
404
327
306
442
453
311
367
383
296
298
374
380
317
405
549
478
502
558
502
505
229
554
560
268
274
297
581
279
297
301
424
470
414
410
375
402
763
381
407
657
395
300
405
646
667
373
450
568
753
467
451
288
374
469
396
391
376
327
506
509
327
513
539
453
375
374
393
372
395
385
481
458
380
372
368
365
575
319
321
756
677
675
505
497
501
491
660
494
499
314
362
376
487
361
504
492
503
385
365
383
376
381
452
433
451
356
445
302
452
465
495
291
466
306
341
342
647
349
337
271
729
656
543
350
526
341
535
444
752
614
381
461
475
457
463
450
478
466
460
540
470
627
477
537
451
384
321
397
563
306
292
474
566
332
532
286
288
379
382
381
488
413
500
494
353
690
728
354
471
809
370
355
754
352
362
362
430
689
439
909
477
449
384
400
500
418
503
503
628
245
533
338
345
531
544
439
456
371
855
738
382
308
388
284
380
294
605
997
457
449
526
376
530
206
214
221
224
226
531
617
281
458
457
460
464
323
474
567
702
704
562
646
395
208
217
262
536
448
476
289
385
471
460
472
467
469
188
903
558
371
262
454
388
208
382
526
525
267
273
263
269
901
623
487
327
315
245
339
260
246
502
355
259
735
515
349
627
263
622
450
1171
774
327
182
354
185
349
714
533
258
429
440
242
503
673
172
342
247
194
252
353
616
255
534
538
465
214
291
384
543
499
687
448
536
369
625
120
549
288
190
287
941
436
253
367
355
358
290
355
296
448
387
297
391
388
292
426
283
272
258
337
341
339
288
366
479
355
482
467
300
421
428
434
430
441
449
429
214
315
454
163
476
306
130
369
476
462
187
494
487
499
565
312
207
212
465
656
455
301
637
473
289
268
273
196
345
368
374
375
455
376
379
491
382
467
284
252
431
435
254
510
430
341
438
248
425
449
539
446
454
648
527
624
353
419
431
534
713
612
336
624
349
350
390
353
542
456
473
617
698
300
518
433
522
426
783
615
427
428
427
430
229
235
450
242
246
356
272
266
495
503
292
228
652
844
838
840
521
515
242
411
512
513
316
313
316
642
579
298
311
158
310
359
195
899
211
364
374
308
472
461
385
380
321
402
390
452
281
296
303
535
240
239
998
412
497
258
91
86
99
99
117
140
397
161
549
163
161
178
170
170
188
194
737
111
260
204
135
204
284
557
379
228
226
75
73
94
102
93
92
104
78
191
80
80
93
85
195
202
175
234
156
83
92
171
297
173
235
184
144
159
157
146
241
222
234
382
404
213
232
257
304
256
254
308
246
234
253
257
262
310
347
346
186
178
363
357
379
429
446
227
288
291
248
486
507
549
213
227
210
375
407
238
275
276
276
663
301
484
175
734
368
381
367
284
295
902
280
382
206
298
746
398
598
340
246
265
466
173
252
244
414
248
354
173
249
338
246
184
180
247
446
448
356
179
327
498
408
634
343
237
190
259
434
243
414
438
393
381
219
218
273
336
293
316
324
315
336
331
341
396
178
320
476
319
175
95
388
156
416
262
479
227
239
476
231
547
246
255
538
427
537
305
311
311
310
309
324
311
250
456
378
385
376
395
392
405
724
385
593
603
415
416
189
192
427
502
433
732
213
200
100
579
207
808
208
374
912
121
595
198
356
609
522
295
292
364
665
241
558
219
187
228
227
283
558
301
500
229
225
306
507
372
185
190
309
177
505
206
309
164
278
254
280
284
260
498
347
205
482
386
493
405
402
240
289
417
233
771
420
313
314
304
394
315
252
132
199
195
171
309
398
422
211
217
903
215
406
195
308
213
205
214
299
307
320
599
849
205
204
285
289
217
217
290
287
245
465
266
450
468
674
452
258
183
182
206
259
362
371
159
210
776
475
373
262
780
274
470
972
586
362
287
295
305
390
329
420
290
279
286
355
358
439
357
446
364
435
300
361
365
282
419
260
280
367
513
451
359
362
556
368
367
371
275
287
295
285
447
208
701
447
451
297
513
520
438
513
428
428
521
531
533
518
798
605
276
375
360
273
271
263
269
371
684
581
610
454
264
403
410
248
339
401
350
352
690
893
384
413
822
466
941
478
419
225
185
171
250
501
419
253
420
179
387
511
513
267
327
268
337
270
505
431
429
503
487
343
277
352
277
511
345
432
440
434
373
689
613
686
374
380
269
376
299
276
287
288
435
513
373
699
287
358
287
361
292
286
537
280
345
417
765
416
418
432
433
423
433
434
468
445
519
711
272
374
408
341
943
424
430
442
348
424
350
795
354
341
322
406
409
340
256
279
345
410
165
406
248
175
677
314
230
238
555
236
305
246
657
235
312
663
408
671
321
841
592
509
327
326
453
458
371
203
877
335
416
486
118
498
343
362
292
651
368
695
284
279
577
426
276
209
297
213
296
525
198
207
456
364
875
611
201
206
203
279
456
474
338
257
339
280
441
445
358
350
284
430
335
633
371
353
357
439
440
441
347
441
558
486
464
291
394
314
494
509
226
513
429
325
307
486
321
325
394
589
589
402
247
331
516
233
408
477
477
335
409
605
316
255
766
494
262
338
340
505
608
265
343
350
423
512
354
439
355
192
354
428
266
392
302
401
298
163
243
262
187
275
920
573
340
931
413
596
239
546
665
109
181
161
182
178
177
361
263
172
177
265
261
277
266
265
110
121
342
175
177
509
522
343
206
188
179
199
214
220
254
354
109
73
106
126
121
102
83
130
87
82
380
111
110
198
186
288
292
121
317
192
90
96
102
103
231
219
221
118
166
82
288
293
294
379
221
148
152
154
146
215
138
144
249
294
151
158
327
184
191
110
178
235
331
332
336
343
260
335
423
346
412
337
414
412
422
429
108
91
360
375
281
450
444
533
109
446
262
461
213
396
91
107
575
101
384
173
390
170
258
270
395
558
294
190
450
202
235
451
235
462
239
306
386
390
618
376
237
232
164
454
484
474
233
455
460
702
465
383
449
457
233
473
329
249
213
418
488
398
199
198
218
209
196
208
203
498
375
284
198
293
286
347
275
292
483
310
360
510
504
288
593
371
252
260
375
387
268
372
284
466
492
677
306
335
348
293
298
299
368
489
481
487
904
509
231
210
242
663
569
582
570
571
572
556
318
397
586
641
183
215
581
309
346
465
649
278
249
363
257
367
370
345
332
768
468
358
361
337
350
360
763
366
377
473
467
351
456
517
285
559
460
449
139
205
519
454
246
607
274
928
164
601
538
373
184
207
165
184
269
617
257
633
180
744
213
286
854
296
295
753
234
334
1250
238
440
359
378
296
363
282
284
184
345
352
1060
345
466
365
258
367
353
260
489
322
328
327
997
449
1066
338
539
351
327
451
464
458
372
470
388
529
552
466
543
555
104
124
114
771
111
107
562
122
117
574
618
512
608
612
549
168
171
475
546
464
546
915
728
723
568
299
201
361
360
595
365
127
295
713
841
364
663
289
452
230
682
388
207
385
388
221
388
399
482
531
190
178
278
187
286
540
205
546
448
449
479
115
208
195
459
305
305
214
211
210
196
215
513
276
211
380
217
302
289
229
328
336
155
183
437
185
80
149
187
181
186
311
315
119
133
60
71
209
133
449
137
238
368
373
377
414
425
488
445
71
89
503
110
119
59
131
531
307
84
68
90
91
89
424
91
414
80
84
168
81
73
77
193
200
540
473
167
272
242
102
292
304
185
88
151
163
240
183
161
169
273
260
196
177
177
244
296
237
242
219
238
236
407
254
346
319
321
378
145
306
136
149
152
72
171
160
174
84
238
262
270
191
269
356
367
379
361
360
374
375
324
390
382
649
300
198
258
231
181
295
328
542
558
281
199
356
268
368
280
266
272
101
282
107
720
553
345
332
441
339
488
173
331
335
338
336
242
796
226
626
563
175
163
613
89
524
270
311
186
234
241
169
425
327
327
250
492
321
337
422
706
748
382
379
451
448
1007
88
393
113
369
327
321
108
80
293
300
180
96
326
107
321
109
568
372
168
550
387
154
1037
167
172
95
480
187
290
280
610
413
781
216
738
268
214
274
214
766
228
216
286
223
211
195
279
823
352
173
168
194
177
179
180
242
248
269
349
276
282
259
268
278
270
481
547
381
493
384
353
580
385
513
400
369
385
390
446
405
403
468
411
286
492
481
759
547
317
407
507
191
306
304
684
281
313
565
417
303
394
391
571
372
462
765
276
727
294
675
282
292
407
288
753
594
586
822
199
435
562
441
365
440
371
551
363
283
384
362
371
315
329
318
323
344
164
250
175
179
179
459
477
473
403
322
340
347
231
252
334
384
755
482
398
566
398
197
295
231
235
299
236
299
479
304
314
486
334
105
253
100
100
425
148
612
280
193
102
234
108
424
80
180
278
168
315
303
190
327
179
189
133
244
187
245
182
333
188
256
197
190
209
204
203
295
226
204
220
278
317
204
407
410
330
325
227
308
325
332
146
149
146
365
260
470
299
293
216
565
216
547
226
222
270
610
171
285
294
197
182
290
268
280
179
180
177
188
253
375
686
383
382
353
737
384
264
374
338
344
332
348
257
410
424
403
535
535
404
407
431
553
268
431
218
447
420
519
513
557
542
552
668
260
349
550
293
304
601
432
617
280
629
383
619
377
370
701
358
420
777
362
292
192
356
354
345
548
271
538
544
549
365
455
375
323
322
329
601
517
332
869
437
445
806
682
606
177
255
266
707
237
584
470
758
414
419
350
347
419
411
541
559
757
315
834
159
414
171
162
403
1118
468
303
227
323
477
330
228
403
651
228
336
341
342
448
217
236
642
227
294
221
475
490
417
591
422
366
370
439
856
350
852
277
255
477
493
482
396
113
223
328
366
243
164
297
177
178
181
194
190
190
189
237
226
235
367
243
245
252
629
385
872
251
263
422
234
599
240
315
599
244
248
247
330
551
322
1043
322
350
1068
346
352
190
416
549
364
287
522
437
445
557
526
531
445
515
459
329
403
218
394
469
625
302
301
277
307
226
222
302
319
631
645
807
308
363
376
466
372
373
355
711
374
811
480
267
565
388
491
379
394
471
474
473
487
373
483
369
369
378
385
569
362
450
570
315
318
333
513
506
400
624
442
620
444
625
643
345
326
329
272
619
368
431
735
554
554
547
381
363
362
380
367
374
510
361
547
435
356
367
598
537
376
372
372
360
474
258
439
439
620
361
506
870
422
497
684
427
519
377
270
506
259
367
295
379
294
478
374
542
865
365
468
470
380
455
386
365
362
447
451
450
456
458
438
364
554
300
217
542
412
556
539
311
557
557
293
374
264
365
289
264
272
280
568
287
356
382
392
296
599
380
406
357
345
360
264
797
543
343
355
517
519
534
452
538
543
610
416
610
419
528
425
425
532
429
432
435
360
618
643
374
545
375
578
583
589
594
581
713
601
440
609
442
507
513
268
265
261
521
674
513
498
566
317
334
578
215
231
622
616
384
555
128
211
230
227
228
284
821
292
999
337
274
875
336
331
189
261
338
447
343
445
456
315
735
479
463
393
373
387
119
498
868
126
183
198
801
125
123
198
186
200
186
186
194
191
212
220
195
141
179
264
170
252
272
259
281
278
332
326
336
345
258
257
347
438
424
180
338
341
360
451
345
354
494
494
490
413
252
394
427
506
536
509
429
527
368
380
542
450
391
546
543
536
349
439
721
355
722
368
368
288
368
452
717
356
439
451
375
320
318
390
826
277
918
408
298
479
392
643
309
420
348
165
169
554
202
182
382
644
187
362
424
359
249
338
437
367
360
478
476
347
268
276
344
266
272
264
345
618
553
361
637
379
665
716
110
168
449
370
644
373
193
373
456
721
368
362
382
278
447
285
175
218
591
423
324
805
599
256
424
689
860
230
255
248
271
342
291
478
823
819
377
808
355
474
466
476
527
464
533
472
328
480
474
486
552
480
481
476
608
306
309
775
316
719
372
280
261
375
407
483
377
446
334
339
272
341
467
740
475
488
346
801
430
665
441
549
552
574
361
649
453
1004
780
210
455
231
471
223
225
283
294
540
293
640
190
555
196
601
248
168
438
442
446
817
757
237
440
239
686
343
427
232
798
260
706
351
425
440
334
362
345
635
1118
876
270
260
270
157
227
424
344
223
360
900
219
236
244
619
292
307
749
325
741
196
210
284
280
281
289
1162
370
280
298
296
422
318
297
316
313
651
353
463
361
297
372
466
488
297
589
304
376
742
1173
296
344
372
369
308
295
481
302
367
303
599
527
631
365
609
474
443
355
271
185
533
544
341
695
342
240
380
448
472
455
534
348
274
455
457
340
343
283
350
373
351
376
764
451
445
459
309
437
300
299
523
288
534
295
659
304
536
474
468
385
678
388
385
385
306
348
303
392
653
632
302
670
733
497
311
847
304
535
443
368
375
516
252
426
616
355
364
534
361
528
636
363
454
358
590
394
695
314
324
236
330
322
663
488
583
593
752
481
241
384
574
563
522
371
601
591
493
406
501
413
506
407
185
367
265
280
274
275
667
765
566
416
493
497
337
344
196
680
207
452
970
124
172
265
415
372
457
446
434
383
970
304
391
432
456
510
258
263
450
264
399
528
331
279
285
288
354
290
354
439
245
355
347
258
699
480
453
205
272
541
197
298
262
245
613
517
363
526
366
358
359
360
552
545
558
414
570
616
616
343
362
267
349
349
350
689
252
253
447
421
532
367
372
339
613
510
349
427
366
855
358
407
434
698
345
353
500
434
426
264
363
262
449
257
263
441
539
510
609
279
575
554
399
341
338
508
440
378
487
321
321
325
479
335
342
430
478
548
225
390
727
331
494
470
403
338
299
299
301
477
401
481
316
315
325
258
483
328
317
311
314
372
325
657
642
567
402
592
349
349
477
353
353
353
415
279
364
655
345
570
908
682
291
593
288
379
262
287
439
661
449
298
300
495
739
363
590
589
1236
357
1002
425
462
339
282
271
365
370
268
457
473
470
527
461
351
271
274
357
353
281
276
400
496
496
559
389
394
393
460
388
327
388
225
223
489
417
417
416
242
536
549
283
636
302
300
548
624
388
408
397
295
407
400
315
289
344
347
376
358
352
358
364
364
364
377
301
352
89
93
157
181
430
356
221
491
499
215
504
436
241
156
519
440
507
514
514
163
340
523
525
381
475
217
208
143
151
158
231
89
233
242
223
233
590
614
521
367
287
163
312
405
320
331
183
162
809
227
179
214
74
90
80
93
258
246
274
230
259
241
45
244
164
339
101
87
103
147
153
141
173
170
171
176
183
187
183
157
190
89
257
100
126
161
336
92
76
157
89
191
258
91
169
213
98
438
110
412
168
406
338
250
277
151
83
437
353
108
148
89
82
90
87
72
510
243
86
164
181
166
191
167
95
158
194
182
186
189
164
78
64
68
70
90
93
232
304
118
123
137
71
153
90
127
85
95
84
168
180
176
181
177
283
119
286
265
279
285
316
272
292
291
311
297
287
299
288
375
374
378
250
243
262
254
452
280
453
188
119
516
340
119
200
293
424
584
286
300
447
284
284
286
502
288
289
285
311
390
675
294
312
399
349
178
374
169
487
484
385
285
521
442
428
537
564
331
439
427
347
338
280
267
357
564
258
267
337
254
345
276
362
281
674
354
353
123
280
133
527
172
180
441
461
448
90
541
199
369
372
730
302
319
243
683
582
668
250
417
680
323
263
318
220
337
213
346
215
335
340
829
592
867
191
420
478
855
769
364
269
370
371
584
281
274
419
554
428
540
246
347
432
337
242
578
337
352
385
401
530
256
395
702
247
531
645
367
277
576
563
670
560
298
362
535
458
372
648
376
751
653
290
177
382
384
379
302
542
189
191
234
468
463
465
713
249
637
298
544
296
815
796
273
291
390
622
927
338
332
342
347
339
346
268
343
339
406
337
359
343
514
344
345
278
446
528
275
1082
426
424
362
146
492
158
162
153
352
506
93
266
159
346
516
102
95
504
579
343
97
603
352
95
445
105
98
141
150
67
143
72
83
163
68
81
157
66
67
162
150
14
18
494
417
13
86
71
426
17
13
14
690
268
15
270
14
20
20
8
610
20
778
18
13
18
24
19
275
15
701
26
283
800
284
11
15
14
52
46
48
47
50
55
49
52
56
55
13
12
23
94
71
73
18
797
21
643
64
59
57
533
13
548
84
80
79
77
73
82
9
80
14
19
13
91
15
14
16
21
14
17
17
19
9
16
20
11
20
21
23
20
572
21
11
11
9
23
17
680
14
14
16
57
12
15
16
9
11
13
11
14
21
12
20
17
13
12
13
23
17
15
21
15
15
15
19
14
15
14
49
16
61
54
41
43
56
60
57
74
57
60
54
52
63
64
58
68
63
57
59
16
16
67
16
17
20
21
20
18
19
21
18
18
14
15
15
15
17
19
17
16
20
32
18
19
20
19
31
20
20
19
23
20
22
23
23
21
23
23
24
22
25
26
24
34
23
25
22
26
30
23
24
23
29
25
30
27
33
28
29
18
25
17
23
28
28
15
33
28
20
21
16
30
19
22
16
22
40
12
21
51
15
32
12
22
16
12
11
13
24
15
13
24
17
12
17
10
10
11
15
15
17
8
10
17
8
13
14
15
13
8
20
11
12
10
8
27
13
12
14
11
12
44
9
13
18
7
15
9
14
16
42
43
41
54
43
44
53
46
44
45
52
47
52
11
12
10
12
13
12
12
55
56
15
13
15
17
14
15
15
16
60
17
18
13
18
19
17
19
20
19
21
17
21
22
17
15
17
16
30
18
16
19
17
17
16
19
25
18
15
16
19
19
18
26
13
11
31
18
28
13
14
24
14
15
15
16
17
15
16
19
18
18
19
19
19
20
18
21
23
20
22
20
22
22
19
25
18
20
25
23
23
19
20
20
22
18
27
19
17
38
19
15
31
19
18
18
19
18
18
16
23
19
20
18
20
18
16
18
18
20
22
18
18
19
12
17
18
14
14
32
12
12
10
12
11
11
25
11
9
34
16
10
10
18
12
70
10
24
12
9
12
13
16
9
14
9
16
13
11
14
14
28
15
12
43
48
37
38
50
38
46
43
40
41
44
44
41
43
48
49
46
43
47
47
40
52
51
8
11
10
10
14
12
11
12
9
9
12
11
11
13
12
9
10
9
11
11
16
15
15
15
16
14
16
15
13
14
15
14
14
14
16
15
21
21
14
20
17
18
18
20
21
18
21
16
19
16
23
21
19
22
18
18
18
23
20
25
22
28
21
21
18
21
23
26
30
22
22
30
22
23
20
19
21
17
20
18
26
17
18
32
15
16
17
21
17
16
18
21
18
19
22
22
19
26
25
20
24
15
12
18
18
19
25
15
28
12
15
16
11
15
12
14
14
12
12
25
13
15
15
15
16
18
15
19
16
15
14
15
20
20
22
23
21
17
18
17
17
16
11
20
16
12
14
15
13
13
19
38
38
40
53
38
49
34
31
34
40
42
39
42
36
42
42
44
32
47
46
56
34
35
9
35
36
39
12
13
16
13
44
16
14
14
15
15
19
16
17
16
21
18
13
17
15
19
16
16
12
20
24
13
15
15
16
16
18
16
17
17
17
21
28
19
30
19
18
21
21
21
20
20
21
21
22
21
21
20
21
24
26
23
26
25
19
18
22
19
24
20
21
23
19
28
19
32
18
23
29
21
21
20
12
19
14
17
18
20
12
37
16
23
18
12
13
13
14
23
10
19
18
11
17
16
17
15
12
9
13
19
9
14
14
13
11
25
13
11
9
11
16
10
10
12
13
12
10
10
17
21
12
15
15
10
19
13
11
9
11
14
11
11
11
9
10
21
21
14
11
10
18
11
13
12
14
14
11
14
13
16
38
40
27
54
40
28
30
41
41
35
34
37
44
45
35
44
36
12
11
10
11
38
14
13
13
14
16
15
15
13
18
14
14
18
21
16
21
12
16
23
48
15
14
17
22
16
15
19
15
15
19
18
15
16
16
14
17
18
16
16
16
17
16
21
18
19
24
22
20
19
24
21
19
20
25
28
23
13
25
29
23
18
14
17
25
25
17
14
24
19
16
16
17
18
17
18
15
20
20
17
16
18
19
17
19
18
28
18
25
29
27
15
16
17
21
11
11
18
30
27
10
27
21
11
11
11
12
12
11
10
11
13
17
10
14
10
9
18
14
8
14
11
18
15
11
9
10
11
14
10
11
14
12
12
12
11
22
11
15
13
16
15
16
16
13
14
15
15
17
15
15
16
21
13
18
16
19
17
18
43
38
33
35
42
35
37
37
41
48
39
39
40
55
40
40
41
40
49
44
43
37
37
39
40
51
9
48
10
11
8
47
14
51
9
51
9
51
12
12
12
17
13
19
20
12
14
13
58
13
13
13
14
18
12
11
10
18
11
19
18
18
12
12
17
12
13
15
15
14
14
21
13
14
12
17
15
11
17
15
12
23
14
12
15
11
11
18
12
35
13
13
13
17
18
18
25
17
16
15
20
15
23
17
14
29
16
16
15
15
17
11
18
14
17
15
22
22
13
13
11
13
13
21
8
10
11
12
12
23
11
20
23
10
11
9
15
10
10
10
12
11
11
12
15
13
11
15
15
13
14
13
21
10
16
13
13
12
33
17
14
12
15
15
21
21
12
17
23
14
10
10
9
25
15
13
92
39
25
28
36
35
32
31
37
33
36
33
10
13
11
11
10
12
11
14
11
11
13
12
12
12
14
17
15
14
17
18
17
21
14
14
13
19
19
15
15
19
16
15
20
18
21
17
17
20
18
18
20
59
21
31
21
20
22
23
23
22
24
22
24
22
24
21
23
22
19
22
28
24
32
23
19
18
24
19
20
31
22
16
19
17
17
18
19
23
21
32
18
19
20
15
25
24
19
30
20
20
16
20
17
15
17
21
18
13
17
26
21
18
16
16
31
14
25
15
16
15
16
12
19
16
11
14
16
16
20
16
13
13
24
34
17
14
16
17
17
12
17
31
15
14
15
15
21
19
13
20
12
15
23
23
12
15
17
15
13
17
15
20
16
12
10
17
18
19
21
23
1
64
116
122
121
123
127
133
127
128
136
134
138
143
148
144
145
147
150
194
197
201
208
212
217
224
229
232
274
285
283
350
384
385
439
441
446
447
450
448
450
460
459
458
459
462
464
463
462
467
465
465
222
314
181
242
537
580
221
222
211
216
218
229
231
596
234
597
246
305
240
232
242
300
303
329
380
166
335
170
162
405
344
403
348
407
434
332
238
89
85
87
90
110
163
103
502
164
488
556
105
224
224
127
94
230
142
144
244
162
180
235
183
1111
334
330
1231
1235
308
316
387
375
331
373
379
1331
1333
1333
555
369
1337
403
394
324
391
416
379
507
344
486
341
509
524
486
706
566
295
568
205
292
1535
272
317
706
342
1589
646
508
496
281
340
281
301
323
325
210
128
331
544
358
346
361
425
80
106
84
610
137
145
415
406
301
418
131
420
146
816
544
524
122
98
114
117
665
109
124
123
110
124
125
156
170
687
61
301
140
123
114
119
133
128
160
140
160
204
186
203
399
192
219
193
140
210
367
209
208
280
220
375
208
183
222
298
414
403
184
206
293
201
274
243
356
338
172
179
204
338
322
195
221
213
147
327
424
353
361
359
410
270
419
279
305
78
287
186
447
459
250
244
472
385
379
395
392
391
398
484
176
84
404
347
204
626
430
117
85
105
119
108
118
99
127
145
208
598
444
199
226
206
231
298
121
119
88
104
123
100
107
139
190
203
211
258
56
292
258
78
255
188
190
193
198
207
307
309
312
278
301
307
302
327
302
294
292
371
400
680
445
439
288
371
462
274
540
425
441
354
351
541
520
514
515
553
461
727
343
368
423
631
427
401
512
623
808
400
401
325
448
452
530
625
524
412
422
445
734
451
277
452
520
366
227
305
323
453
312
664
375
597
500
716
432
735
74
448
76
445
457
624
365
676
227
244
139
686
244
257
82
90
294
165
86
88
86
172
84
334
96
170
82
164
99
163
186
149
238
172
156
194
250
193
174
200
109
112
157
211
208
220
171
160
167
173
298
282
184
188
160
171
185
376
272
371
274
270
316
318
355
320
321
661
353
361
329
364
343
359
358
367
343
202
197
215
433
434
476
126
310
466
358
511
210
390
206
210
214
208
601
460
197
108
562
171
368
297
369
734
366
386
386
397
389
554
383
569
554
183
299
238
236
776
791
442
254
534
247
195
106
182
364
527
267
905
341
660
399
419
317
339
397
323
327
105
412
479
311
567
311
482
296
281
181
172
205
323
176
184
1533
309
188
193
588
497
688
581
581
516
252
248
574
408
658
560
280
245
731
281
791
305
790
404
327
306
442
453
311
367
383
296
298
374
380
317
405
549
478
502
558
502
505
229
554
560
268
274
297
581
279
297
301
424
470
414
410
375
402
763
381
407
657
395
300
405
646
667
373
450
568
753
467
451
288
374
469
396
391
376
327
506
509
327
513
539
453
375
374
393
372
395
385
481
458
380
372
368
365
575
319
321
756
677
675
505
497
501
491
660
494
499
314
362
376
487
361
504
492
503
385
365
383
376
381
452
433
451
356
445
302
452
465
495
291
466
306
341
342
647
349
337
271
729
656
543
350
526
341
535
444
752
614
381
461
475
457
463
450
478
466
460
540
470
627
477
537
451
384
321
397
563
306
292
474
566
332
532
286
288
379
382
381
488
413
500
494
353
690
728
354
471
809
370
355
754
352
362
362
430
689
439
909
477
449
384
400
500
418
503
503
628
245
533
338
345
531
544
439
456
371
855
738
382
308
388
284
380
294
605
997
457
449
526
376
530
206
214
221
224
226
531
617
281
458
457
460
464
323
474
567
702
704
562
646
395
208
217
262
536
448
476
289
385
471
460
472
467
469
188
903
558
371
262
454
388
208
382
526
525
267
273
263
269
901
623
487
327
315
245
339
260
246
502
355
259
735
515
349
627
263
622
450
1171
774
327
182
354
185
349
714
533
258
429
440
242
503
673
172
342
247
194
252
353
616
255
534
538
465
214
291
384
543
499
687
448
536
369
625
120
549
288
190
287
941
436
253
367
355
358
290
355
296
448
387
297
391
388
292
426
283
272
258
337
341
339
288
366
479
355
482
467
300
421
428
434
430
441
449
429
214
315
454
163
476
306
130
369
476
462
187
494
487
499
565
312
207
212
465
656
455
301
637
473
289
268
273
196
345
368
374
375
455
376
379
491
382
467
284
252
431
435
254
510
430
341
438
248
425
449
539
446
454
648
527
624
353
419
431
534
713
612
336
624
349
350
390
353
542
456
473
617
698
300
518
433
522
426
783
615
427
428
427
430
229
235
450
242
246
356
272
266
495
503
292
228
652
844
838
840
521
515
242
411
512
513
316
313
316
642
579
298
311
158
310
359
195
899
211
364
374
308
472
461
385
380
321
402
390
452
281
296
303
535
240
239
998
412
497
258
91
86
99
99
117
140
397
161
549
163
161
178
170
170
188
194
737
111
260
204
135
204
284
557
379
228
226
75
73
94
102
93
92
104
78
191
80
80
93
85
195
202
175
234
156
83
92
171
297
173
235
184
144
159
157
146
241
222
234
382
404
213
232
257
304
256
254
308
246
234
253
257
262
310
347
346
186
178
363
357
379
429
446
227
288
291
248
486
507
549
213
227
210
375
407
238
275
276
276
663
301
484
175
734
368
381
367
284
295
902
280
382
206
298
746
398
598
340
246
265
466
173
252
244
414
248
354
173
249
338
246
184
180
247
446
448
356
179
327
498
408
634
343
237
190
259
434
243
414
438
393
381
219
218
273
336
293
316
324
315
336
331
341
396
178
320
476
319
175
95
388
156
416
262
479
227
239
476
231
547
246
255
538
427
537
305
311
311
310
309
324
311
250
456
378
385
376
395
392
405
724
385
593
603
415
416
189
192
427
502
433
732
213
200
100
579
207
808
208
374
912
121
595
198
356
609
522
295
292
364
665
241
558
219
187
228
227
283
558
301
500
229
225
306
507
372
185
190
309
177
505
206
309
164
278
254
280
284
260
498
347
205
482
386
493
405
402
240
289
417
233
771
420
313
314
304
394
315
252
132
199
195
171
309
398
422
211
217
903
215
406
195
308
213
205
214
299
307
320
599
849
205
204
285
289
217
217
290
287
245
465
266
450
468
674
452
258
183
182
206
259
362
371
159
210
776
475
373
262
780
274
470
972
586
362
287
295
305
390
329
420
290
279
286
355
358
439
357
446
364
435
300
361
365
282
419
260
280
367
513
451
359
362
556
368
367
371
275
287
295
285
447
208
701
447
451
297
513
520
438
513
428
428
521
531
533
518
798
605
276
375
360
273
271
263
269
371
684
581
610
454
264
403
410
248
339
401
350
352
690
893
384
413
822
466
941
478
419
225
185
171
250
501
419
253
420
179
387
511
513
267
327
268
337
270
505
431
429
503
487
343
277
352
277
511
345
432
440
434
373
689
613
686
374
380
269
376
299
276
287
288
435
513
373
699
287
358
287
361
292
286
537
280
345
417
765
416
418
432
433
423
433
434
468
445
519
711
272
374
408
341
943
424
430
442
348
424
350
795
354
341
322
406
409
340
256
279
345
410
165
406
248
175
677
314
230
238
555
236
305
246
657
235
312
663
408
671
321
841
592
509
327
326
453
458
371
203
877
335
416
486
118
498
343
362
292
651
368
695
284
279
577
426
276
209
297
213
296
525
198
207
456
364
875
611
201
206
203
279
456
474
338
257
339
280
441
445
358
350
284
430
335
633
371
353
357
439
440
441
347
441
558
486
464
291
394
314
494
509
226
513
429
325
307
486
321
325
394
589
589
402
247
331
516
233
408
477
477
335
409
605
316
255
766
494
262
338
340
505
608
265
343
350
423
512
354
439
355
192
354
428
266
392
302
401
298
163
243
262
187
275
920
573
340
931
413
596
239
546
665
109
181
161
182
178
177
361
263
172
177
265
261
277
266
265
110
121
342
175
177
509
522
343
206
188
179
199
214
220
254
354
109
73
106
126
121
102
83
130
87
82
380
111
110
198
186
288
292
121
317
192
90
96
102
103
231
219
221
118
166
82
288
293
294
379
221
148
152
154
146
215
138
144
249
294
151
158
327
184
191
110
178
235
331
332
336
343
260
335
423
346
412
337
414
412
422
429
108
91
360
375
281
450
444
533
109
446
262
461
213
396
91
107
575
101
384
173
390
170
258
270
395
558
294
190
450
202
235
451
235
462
239
306
386
390
618
376
237
232
164
454
484
474
233
455
460
702
465
383
449
457
233
473
329
249
213
418
488
398
199
198
218
209
196
208
203
498
375
284
198
293
286
347
275
292
483
310
360
510
504
288
593
371
252
260
375
387
268
372
284
466
492
677
306
335
348
293
298
299
368
489
481
487
904
509
231
210
242
663
569
582
570
571
572
556
318
397
586
641
183
215
581
309
346
465
649
278
249
363
257
367
370
345
332
768
468
358
361
337
350
360
763
366
377
473
467
351
456
517
285
559
460
449
139
205
519
454
246
607
274
928
164
601
538
373
184
207
165
184
269
617
257
633
180
744
213
286
854
296
295
753
234
334
1250
238
440
359
378
296
363
282
284
184
345
352
1060
345
466
365
258
367
353
260
489
322
328
327
997
449
1066
338
539
351
327
451
464
458
372
470
388
529
552
466
543
555
104
124
114
771
111
107
562
122
117
574
618
512
608
612
549
168
171
475
546
464
546
915
728
723
568
299
201
361
360
595
365
127
295
713
841
364
663
289
452
230
682
388
207
385
388
221
388
399
482
531
190
178
278
187
286
540
205
546
448
449
479
115
208
195
459
305
305
214
211
210
196
215
513
276
211
380
217
302
289
229
328
336
155
183
437
185
80
149
187
181
186
311
315
119
133
60
71
209
133
449
137
238
368
373
377
414
425
488
445
71
89
503
110
119
59
131
531
307
84
68
90
91
89
424
91
414
80
84
168
81
73
77
193
200
540
473
167
272
242
102
292
304
185
88
151
163
240
183
161
169
273
260
196
177
177
244
296
237
242
219
238
236
407
254
346
319
321
378
145
306
136
149
152
72
171
160
174
84
238
262
270
191
269
356
367
379
361
360
374
375
324
390
382
649
300
198
258
231
181
295
328
542
558
281
199
356
268
368
280
266
272
101
282
107
720
553
345
332
441
339
488
173
331
335
338
336
242
796
226
626
563
175
163
613
89
524
270
311
186
234
241
169
425
327
327
250
492
321
337
422
706
748
382
379
451
448
1007
88
393
113
369
327
321
108
80
293
300
180
96
326
107
321
109
568
372
168
550
387
154
1037
167
172
95
480
187
290
280
610
413
781
216
738
268
214
274
214
766
228
216
286
223
211
195
279
823
352
173
168
194
177
179
180
242
248
269
349
276
282
259
268
278
270
481
547
381
493
384
353
580
385
513
400
369
385
390
446
405
403
468
411
286
492
481
759
547
317
407
507
191
306
304
684
281
313
565
417
303
394
391
571
372
462
765
276
727
294
675
282
292
407
288
753
594
586
822
199
435
562
441
365
440
371
551
363
283
384
362
371
315
329
318
323
344
164
250
175
179
179
459
477
473
403
322
340
347
231
252
334
384
755
482
398
566
398
197
295
231
235
299
236
299
479
304
314
486
334
105
253
100
100
425
148
612
280
193
102
234
108
424
80
180
278
168
315
303
190
327
179
189
133
244
187
245
182
333
188
256
197
190
209
204
203
295
226
204
220
278
317
204
407
410
330
325
227
308
325
332
146
149
146
365
260
470
299
293
216
565
216
547
226
222
270
610
171
285
294
197
182
290
268
280
179
180
177
188
253
375
686
383
382
353
737
384
264
374
338
344
332
348
257
410
424
403
535
535
404
407
431
553
268
431
218
447
420
519
513
557
542
552
668
260
349
550
293
304
601
432
617
280
629
383
619
377
370
701
358
420
777
362
292
192
356
354
345
548
271
538
544
549
365
455
375
323
322
329
601
517
332
869
437
445
806
682
606
177
255
266
707
237
584
470
758
414
419
350
347
419
411
541
559
757
315
834
159
414
171
162
403
1118
468
303
227
323
477
330
228
403
651
228
336
341
342
448
217
236
642
227
294
221
475
490
417
591
422
366
370
439
856
350
852
277
255
477
493
482
396
113
223
328
366
243
164
297
177
178
181
194
190
190
189
237
226
235
367
243
245
252
629
385
872
251
263
422
234
599
240
315
599
244
248
247
330
551
322
1043
322
350
1068
346
352
190
416
549
364
287
522
437
445
557
526
531
445
515
459
329
403
218
394
469
625
302
301
277
307
226
222
302
319
631
645
807
308
363
376
466
372
373
355
711
374
811
480
267
565
388
491
379
394
471
474
473
487
373
483
369
369
378
385
569
362
450
570
315
318
333
513
506
400
624
442
620
444
625
643
345
326
329
272
619
368
431
735
554
554
547
381
363
362
380
367
374
510
361
547
435
356
367
598
537
376
372
372
360
474
258
439
439
620
361
506
870
422
497
684
427
519
377
270
506
259
367
295
379
294
478
374
542
865
365
468
470
380
455
386
365
362
447
451
450
456
458
438
364
554
300
217
542
412
556
539
311
557
557
293
374
264
365
289
264
272
280
568
287
356
382
392
296
599
380
406
357
345
360
264
797
543
343
355
517
519
534
452
538
543
610
416
610
419
528
425
425
532
429
432
435
360
618
643
374
545
375
578
583
589
594
581
713
601
440
609
442
507
513
268
265
261
521
674
513
498
566
317
334
578
215
231
622
616
384
555
128
211
230
227
228
284
821
292
999
337
274
875
336
331
189
261
338
447
343
445
456
315
735
479
463
393
373
387
119
498
868
126
183
198
801
125
123
198
186
200
186
186
194
191
212
220
195
141
179
264
170
252
272
259
281
278
332
326
336
345
258
257
347
438
424
180
338
341
360
451
345
354
494
494
490
413
252
394
427
506
536
509
429
527
368
380
542
450
391
546
543
536
349
439
721
355
722
368
368
288
368
452
717
356
439
451
375
320
318
390
826
277
918
408
298
479
392
643
309
420
348
165
169
554
202
182
382
644
187
362
424
359
249
338
437
367
360
478
476
347
268
276
344
266
272
264
345
618
553
361
637
379
665
716
110
168
449
370
644
373
193
373
456
721
368
362
382
278
447
285
175
218
591
423
324
805
599
256
424
689
860
230
255
248
271
342
291
478
823
819
377
808
355
474
466
476
527
464
533
472
328
480
474
486
552
480
481
476
608
306
309
775
316
719
372
280
261
375
407
483
377
446
334
339
272
341
467
740
475
488
346
801
430
665
441
549
552
574
361
649
453
1004
780
210
455
231
471
223
225
283
294
540
293
640
190
555
196
601
248
168
438
442
446
817
757
237
440
239
686
343
427
232
798
260
706
351
425
440
334
362
345
635
1118
876
270
260
270
157
227
424
344
223
360
900
219
236
244
619
292
307
749
325
741
196
210
284
280
281
289
1162
370
280
298
296
422
318
297
316
313
651
353
463
361
297
372
466
488
297
589
304
376
742
1173
296
344
372
369
308
295
481
302
367
303
599
527
631
365
609
474
443
355
271
185
533
544
341
695
342
240
380
448
472
455
534
348
274
455
457
340
343
283
350
373
351
376
764
451
445
459
309
437
300
299
523
288
534
295
659
304
536
474
468
385
678
388
385
385
306
348
303
392
653
632
302
670
733
497
311
847
304
535
443
368
375
516
252
426
616
355
364
534
361
528
636
363
454
358
590
394
695
314
324
236
330
322
663
488
583
593
752
481
241
384
574
563
522
371
601
591
493
406
501
413
506
407
185
367
265
280
274
275
667
765
566
416
493
497
337
344
196
680
207
452
970
124
172
265
415
372
457
446
434
383
970
304
391
432
456
510
258
263
450
264
399
528
331
279
285
288
354
290
354
439
245
355
347
258
699
480
453
205
272
541
197
298
262
245
613
517
363
526
366
358
359
360
552
545
558
414
570
616
616
343
362
267
349
349
350
689
252
253
447
421
532
367
372
339
613
510
349
427
366
855
358
407
434
698
345
353
500
434
426
264
363
262
449
257
263
441
539
510
609
279
575
554
399
341
338
508
440
378
487
321
321
325
479
335
342
430
478
548
225
390
727
331
494
470
403
338
299
299
301
477
401
481
316
315
325
258
483
328
317
311
314
372
325
657
642
567
402
592
349
349
477
353
353
353
415
279
364
655
345
570
908
682
291
593
288
379
262
287
439
661
449
298
300
495
739
363
590
589
1236
357
1002
425
462
339
282
271
365
370
268
457
473
470
527
461
351
271
274
357
353
281
276
400
496
496
559
389
394
393
460
388
327
388
225
223
489
417
417
416
242
536
549
283
636
302
300
548
624
388
408
397
295
407
400
315
289
344
347
376
358
352
358
364
364
364
377
301
352
89
93
157
181
430
356
221
491
499
215
504
436
241
156
519
440
507
514
514
163
340
523
525
381
475
217
208
143
151
158
231
89
233
242
223
233
590
614
521
367
287
163
312
405
320
331
183
162
809
227
179
214
74
90
80
93
258
246
274
230
259
241
45
244
164
339
101
87
103
147
153
141
173
170
171
176
183
187
183
157
190
89
257
100
126
161
336
92
76
157
89
191
258
91
169
213
98
438
110
412
168
406
338
250
277
151
83
437
353
108
148
89
82
90
87
72
510
243
86
164
181
166
191
167
95
158
194
182
186
189
164
78
64
68
70
90
93
232
304
118
123
137
71
153
90
127
85
95
84
168
180
176
181
177
283
119
286
265
279
285
316
272
292
291
311
297
287
299
288
375
374
378
250
243
262
254
452
280
453
188
119
516
340
119
200
293
424
584
286
300
447
284
284
286
502
288
289
285
311
390
675
294
312
399
349
178
374
169
487
484
385
285
521
442
428
537
564
331
439
427
347
338
280
267
357
564
258
267
337
254
345
276
362
281
674
354
353
123
280
133
527
172
180
441
461
448
90
541
199
369
372
730
302
319
243
683
582
668
250
417
680
323
263
318
220
337
213
346
215
335
340
829
592
867
191
420
478
855
769
364
269
370
371
584
281
274
419
554
428
540
246
347
432
337
242
578
337
352
385
401
530
256
395
702
247
531
645
367
277
576
563
670
560
298
362
535
458
372
648
376
751
653
290
177
382
384
379
302
542
189
191
234
468
463
465
713
249
637
298
544
296
815
796
273
291
390
622
927
338
332
342
347
339
346
268
343
339
406
337
359
343
514
344
345
278
446
528
275
1082
426
424
362
146
492
158
162
153
352
506
93
266
159
346
516
102
95
504
579
343
97
603
352
95
445
105
98
141
150
67
143
72
83
163
68
81
157
66
67
162
150
14
18
494
417
13
86
71
426
17
13
14
690
268
15
270
14
20
20
8
610
20
778
18
13
18
24
19
275
15
701
26
283
800
284
11
15
14
52
46
48
47
50
55
49
52
56
55
13
12
23
94
71
73
18
797
21
366
86
372
368
29
28
30
35
31
34
33
33
33
33
36
34
643
36
32
39
31
42
20
11
34
37
41
29
35
14
14
12
46
15
11
35
45
40
12
401
50
16
53
55
83
47
49
57
516
63
78
82
78
83
84
2
